0.0
0.0
0.005979299545288086
0.0069768428802490234
0.0
0.0049839019775390625
0.00697636604309082
0.0
0.006002902984619141
0.0
0.00504302978515625
0.0
0.0
0.0
0.0
0.004550933837890625
0.0
0.0
0.0
0.00594329833984375
0.007333040237426758
0.0
0.007063150405883789
0.0
0.005103349685668945
0.0070111751556396484
0.0
0.0
0.005487918853759766
0.0059795379638671875
0.002632617950439453
0.004983663558959961
0.0
0.0
0.0
0.0
0.0
0.0
0.0
0.0
0.004968881607055664
0.0
0.0
0.0
0.006975889205932617
0.0
0.001009225845336914
0.0
0.006502628326416016
0.004983425140380859
0.0
0.0
0.0
0.0
0.0
0.004983186721801758
0.0
0.0
0.005067110061645508
0.0
0.0
0.008090496063232422
0.006128787994384766
