[[-2.                 nan]
 [-1.5555556          nan]
 [-1.1111112          nan]
 [-0.6666667          nan]
 [-0.22222222         nan]
 [ 0.22222222         nan]
 [ 0.6666667          nan]
 [ 1.1111112          nan]
 [ 1.5555556          nan]
 [ 2.                 nan]
 [-2.                 nan]
 [-1.5555556          nan]
 [-1.1111112          nan]
 [-0.6666667          nan]
 [-0.22222222         nan]
 [ 0.22222222         nan]
 [ 0.6666667          nan]
 [ 1.1111112          nan]
 [ 1.5555556          nan]
 [ 2.                 nan]
 [-2.                 nan]
 [-1.5555556          nan]
 [-1.1111112          nan]
 [-0.6666667          nan]
 [-0.22222222         nan]
 [ 0.22222222         nan]
 [ 0.6666667          nan]
 [ 1.1111112          nan]
 [ 1.5555556          nan]
 [ 2.                 nan]
 [-2.                 nan]
 [-1.5555556          nan]
 [-1.1111112          nan]
 [-0.6666667          nan]
 [-0.22222222         nan]
 [ 0.22222222         nan]
 [ 0.6666667          nan]
 [ 1.1111112          nan]
 [ 1.5555556          nan]
 [ 2.                 nan]
 [-2.                 nan]
 [-1.5555556          nan]
 [-1.1111112          nan]
 [-0.6666667          nan]
 [-0.22222222         nan]
 [ 0.22222222         nan]
 [ 0.6666667          nan]
 [ 1.1111112          nan]
 [ 1.5555556          nan]
 [ 2.                 nan]
 [-2.                 nan]
 [-1.5555556          nan]
 [-1.1111112          nan]
 [-0.6666667          nan]
 [-0.22222222         nan]
 [ 0.22222222         nan]
 [ 0.6666667          nan]
 [ 1.1111112          nan]
 [ 1.5555556          nan]
 [ 2.                 nan]
 [-2.                 nan]
 [-1.5555556          nan]
 [-1.1111112          nan]
 [-0.6666667          nan]
 [-0.22222222         nan]
 [ 0.22222222         nan]
 [ 0.6666667          nan]
 [ 1.1111112          nan]
 [ 1.5555556          nan]
 [ 2.                 nan]
 [-2.                 nan]
 [-1.5555556          nan]
 [-1.1111112          nan]
 [-0.6666667          nan]
 [-0.22222222         nan]
 [ 0.22222222         nan]
 [ 0.6666667          nan]
 [ 1.1111112          nan]
 [ 1.5555556          nan]
 [ 2.                 nan]
 [-2.                 nan]
 [-1.5555556          nan]
 [-1.1111112          nan]
 [-0.6666667          nan]
 [-0.22222222         nan]
 [ 0.22222222         nan]
 [ 0.6666667          nan]
 [ 1.1111112          nan]
 [ 1.5555556          nan]
 [ 2.                 nan]
 [-2.                 nan]
 [-1.5555556          nan]
 [-1.1111112          nan]
 [-0.6666667          nan]
 [-0.22222222         nan]
 [ 0.22222222         nan]
 [ 0.6666667          nan]
 [ 1.1111112          nan]
 [ 1.5555556          nan]
 [ 2.                 nan]]